LUMO=-0.02005
HOMO=-0.44008
