LUMO=-0.01799
HOMO=-0.22815
