LUMO=-0.11513
HOMO=-0.27549
