LUMO=-0.10638
HOMO=-0.29026
