LUMO=-0.11347
HOMO=-0.29913
