LUMO=-0.04242
HOMO=-0.24558
