LUMO=-0.12025
HOMO=-0.30656
