LUMO=-0.12042
HOMO=-0.28129
