LUMO=-0.12683
HOMO=-0.28178
