LUMO=-0.11324
HOMO=-0.29864
