LUMO=-0.10608
HOMO=-0.28472
